,alpha,spectral_norm,D,longname,eigs,norm,alphahat,eigs_num
0,1.3737127780914307,1.8078792095184326,0.22231489419937134,module.conv1,"[6.8839158e-06 1.5539010e-05 2.4567964e-05 4.2768865e-05 8.0476551e-05
 1.7491984e-04 2.5643318e-04 3.7565586e-04 7.7381625e-04 9.1615861e-04
 2.1492124e-03 3.4064879e-03 9.0458849e-03 1.5247501e-02 1.7776750e-02
 2.5416978e-02 3.7719112e-02 5.3836215e-02 1.4928634e-01 2.5477204e-01
 4.4762453e-01 6.7203975e-01 9.2845649e-01 1.1595685e+00 1.4285488e+00
 1.5341654e+00 1.8078792e+00]",8.549606323242188,0.3532769052498734,27
1,1.4481879472732544,0.5364983677864075,0.1264820098876953,module.layer1.0.conv1,"[7.30959187e-07 1.07057917e-06 1.12781049e-06 1.37193240e-06
 1.37936240e-06 1.55953160e-06 2.58104842e-06 3.15380635e-06
 3.57086742e-06 3.69272857e-06 3.82828193e-06 4.11677047e-06
 4.31642547e-06 4.50439256e-06 4.76877130e-06 5.65895834e-06
 5.73161878e-06 6.88927412e-06 6.98400345e-06 7.46367959e-06
 8.02829254e-06 8.31614307e-06 9.15035616e-06 9.37868481e-06
 9.42214592e-06 9.62580634e-06 1.08716904e-05 1.11071786e-05
 1.20136201e-05 1.21410712e-05 1.31129891e-05 1.34208076e-05
 1.42289946e-05 1.42702202e-05 1.43388033e-05 1.45377326e-05
 1.50877840e-05 1.52302264e-05 1.52899065e-05 1.58992789e-05
 1.64243993e-05 1.91603431e-05 1.96635247e-05 1.97976588e-05
 1.98942380e-05 2.04178705e-05 2.04747121e-05 2.05977394e-05
 2.23730240e-05 2.25892563e-05 2.27848614e-05 2.29467387e-05
 2.34872277e-05 2.48132419e-05 2.56054609e-05 2.70469645e-05
 2.75575312e-05 2.81157500e-05 2.83173304e-05 2.87764015e-05
 2.92472778e-05 2.94778947e-05 3.18956190e-05 3.32984055e-05
 3.34588185e-05 3.41218401e-05 3.61212842e-05 3.71189708e-05
 3.75566487e-05 3.76599091e-05 3.99779856e-05 4.17757983e-05
 4.18631171e-05 4.32697925e-05 4.34422473e-05 4.48829524e-05
 4.59570729e-05 4.60187694e-05 4.68160870e-05 4.80121307e-05
 4.86984500e-05 4.91277642e-05 5.02732946e-05 5.10773134e-05
 5.11691760e-05 5.21952206e-05 5.38460190e-05 5.41515146e-05
 5.74257574e-05 5.83626424e-05 6.07761176e-05 6.08342307e-05
 6.16997640e-05 6.39758509e-05 6.54326213e-05 6.59759316e-05
 6.87092979e-05 6.87994034e-05 7.04651029e-05 7.08421576e-05
 7.08848675e-05 7.11519097e-05 7.22635596e-05 7.32985573e-05
 7.63196731e-05 7.83320938e-05 8.07863107e-05 8.14126397e-05
 8.23967057e-05 8.43554517e-05 8.63184032e-05 8.76852573e-05
 8.86455673e-05 9.19783197e-05 9.20366292e-05 9.23251646e-05
 9.29008165e-05 1.01308469e-04 1.02096681e-04 1.04584891e-04
 1.04798441e-04 1.07554057e-04 1.08459128e-04 1.09750588e-04
 1.10294241e-04 1.10443099e-04 1.13296563e-04 1.14569164e-04
 1.15486291e-04 1.16697025e-04 1.17941556e-04 1.19941134e-04
 1.20836303e-04 1.21912497e-04 1.23516031e-04 1.27217558e-04
 1.35116366e-04 1.35581460e-04 1.35608876e-04 1.35681752e-04
 1.39061798e-04 1.40269607e-04 1.40274293e-04 1.40994525e-04
 1.43112251e-04 1.44240650e-04 1.44846548e-04 1.50924447e-04
 1.52807799e-04 1.54527297e-04 1.59995398e-04 1.60168696e-04
 1.60545751e-04 1.62131313e-04 1.70215862e-04 1.75357345e-04
 1.76197820e-04 1.77200360e-04 1.79872193e-04 1.80856892e-04
 1.85998782e-04 1.86005593e-04 1.87312035e-04 1.90115432e-04
 2.07092497e-04 2.13560372e-04 2.16235203e-04 2.26368007e-04
 2.29768484e-04 2.30080230e-04 2.32329388e-04 2.33753904e-04
 2.40042806e-04 2.45547824e-04 2.46708951e-04 2.49883771e-04
 2.50186189e-04 2.55769584e-04 2.57961365e-04 2.58013897e-04
 2.58267071e-04 2.60010187e-04 2.71729135e-04 2.76224309e-04
 2.76417501e-04 2.81911867e-04 2.85637856e-04 2.88192445e-04
 2.89254152e-04 2.92704965e-04 3.00587970e-04 3.06919304e-04
 3.15145589e-04 3.24068649e-04 3.36299534e-04 3.36519559e-04
 3.40611325e-04 3.46363318e-04 3.48190777e-04 3.50997172e-04
 3.59689380e-04 3.60692065e-04 3.64492967e-04 3.69726738e-04
 3.69785470e-04 3.94663977e-04 4.03155922e-04 4.05090657e-04
 4.18536627e-04 4.18659707e-04 4.20537690e-04 4.25946491e-04
 4.28153697e-04 4.32187982e-04 4.40673117e-04 4.48566920e-04
 4.58112714e-04 4.60653711e-04 4.74470668e-04 4.74691595e-04
 4.83215175e-04 4.90241800e-04 4.93879663e-04 4.98232956e-04
 5.04138996e-04 5.12539467e-04 5.24585601e-04 5.66671893e-04
 5.71286131e-04 5.73563564e-04 5.80000109e-04 5.89735457e-04
 5.90723765e-04 5.96689177e-04 6.11705764e-04 6.12943782e-04
 6.17318205e-04 6.26932306e-04 6.35477074e-04 6.54848525e-04
 6.63052138e-04 6.67396875e-04 6.93884213e-04 6.97875221e-04
 7.07111554e-04 7.25314952e-04 7.30291009e-04 7.43160082e-04
 7.49222236e-04 7.53588858e-04 7.54978159e-04 7.66298501e-04
 7.69380596e-04 7.72353786e-04 7.75093969e-04 8.36850202e-04
 8.50165263e-04 8.57832609e-04 8.83745321e-04 8.98037513e-04
 9.01131658e-04 9.33659961e-04 9.37778386e-04 9.45772219e-04
 9.50986461e-04 9.70919384e-04 9.77817806e-04 9.78808734e-04
 9.88471787e-04 1.00086804e-03 1.03360938e-03 1.09817169e-03
 1.12037489e-03 1.12845527e-03 1.13483449e-03 1.15641125e-03
 1.16501912e-03 1.18976471e-03 1.20607961e-03 1.21982768e-03
 1.22128683e-03 1.23165059e-03 1.27001875e-03 1.29706389e-03
 1.29804888e-03 1.30517955e-03 1.32960582e-03 1.33020384e-03
 1.33609155e-03 1.37338508e-03 1.39745430e-03 1.39913952e-03
 1.42177555e-03 1.42192130e-03 1.44900929e-03 1.48568128e-03
 1.53061340e-03 1.54816534e-03 1.60354329e-03 1.60609791e-03
 1.64435338e-03 1.66246551e-03 1.69030426e-03 1.69582211e-03
 1.69964635e-03 1.70959323e-03 1.73208409e-03 1.73712056e-03
 1.76756689e-03 1.83447415e-03 1.84527889e-03 1.86160521e-03
 1.98090519e-03 1.98149169e-03 2.01816438e-03 2.01847963e-03
 2.02698773e-03 2.05742498e-03 2.09895358e-03 2.11548386e-03
 2.23831739e-03 2.24458240e-03 2.25675758e-03 2.25807354e-03
 2.35149823e-03 2.37353658e-03 2.37458432e-03 2.37476546e-03
 2.38733948e-03 2.43234704e-03 2.43421993e-03 2.50948663e-03
 2.51821917e-03 2.54448783e-03 2.56290124e-03 2.61448114e-03
 2.64930655e-03 2.67373677e-03 2.75159394e-03 2.75963172e-03
 2.77077733e-03 2.85849953e-03 2.88219308e-03 2.94769416e-03
 3.01075238e-03 3.01962229e-03 3.04012001e-03 3.08611221e-03
 3.26015195e-03 3.28075816e-03 3.28646507e-03 3.31556471e-03
 3.35992826e-03 3.44318221e-03 3.47968750e-03 3.54622095e-03
 3.54779745e-03 3.60545493e-03 3.67077184e-03 3.72129586e-03
 3.73251829e-03 3.79116717e-03 3.93915642e-03 3.96012422e-03
 3.99042340e-03 4.03507706e-03 4.27602232e-03 4.55795228e-03
 4.60257707e-03 4.62425780e-03 4.65983432e-03 4.67583863e-03
 4.69988585e-03 4.77728155e-03 4.83581889e-03 4.85418923e-03
 5.00208372e-03 5.04405517e-03 5.11020189e-03 5.16561605e-03
 5.23636444e-03 5.34064230e-03 5.45751909e-03 5.57574257e-03
 5.73410699e-03 5.82875637e-03 5.92408562e-03 5.98750543e-03
 6.00641407e-03 6.04644557e-03 6.26249705e-03 6.46904856e-03
 6.66675484e-03 6.67382916e-03 6.74189860e-03 6.74843974e-03
 6.99832616e-03 7.22755119e-03 7.27490522e-03 7.31850602e-03
 7.33240508e-03 7.42578181e-03 7.42737297e-03 7.46336393e-03
 7.85079226e-03 7.95566011e-03 7.97304232e-03 8.13539885e-03
 8.17268062e-03 8.39217752e-03 8.40523839e-03 8.42764322e-03
 8.66826158e-03 8.95403046e-03 9.13134776e-03 9.16448515e-03
 9.55114327e-03 9.58287902e-03 9.66792461e-03 9.83412750e-03
 9.84348357e-03 1.01459119e-02 1.02851521e-02 1.02914684e-02
 1.03884554e-02 1.06272185e-02 1.06413076e-02 1.09776203e-02
 1.14926416e-02 1.15490556e-02 1.21523561e-02 1.26721049e-02
 1.31272068e-02 1.31638069e-02 1.31658213e-02 1.32865077e-02
 1.36239352e-02 1.39203537e-02 1.40034249e-02 1.40220076e-02
 1.43280057e-02 1.46147897e-02 1.46238273e-02 1.49704106e-02
 1.49730323e-02 1.50228972e-02 1.57677419e-02 1.69116892e-02
 1.69429425e-02 1.80328544e-02 1.84341501e-02 1.88905876e-02
 1.92263387e-02 1.95850860e-02 1.99578851e-02 2.08727755e-02
 2.12546438e-02 2.20360719e-02 2.24298276e-02 2.31751911e-02
 2.35302262e-02 2.35373639e-02 2.37517525e-02 2.37705186e-02
 2.38163881e-02 2.39658207e-02 2.46925913e-02 2.48040762e-02
 2.54272986e-02 2.55195014e-02 2.55973134e-02 2.61212382e-02
 2.66768411e-02 2.73793116e-02 2.73968112e-02 2.74345446e-02
 2.76238415e-02 2.79664397e-02 2.80103106e-02 3.00357603e-02
 3.29248346e-02 3.32610197e-02 3.48164774e-02 3.48562188e-02
 3.54512595e-02 3.57964635e-02 3.64428498e-02 3.67181636e-02
 3.74083705e-02 3.88037637e-02 4.09018621e-02 4.17143665e-02
 4.20609415e-02 4.30320799e-02 4.51264866e-02 4.53520082e-02
 4.63052057e-02 4.78405580e-02 5.25237918e-02 5.27328774e-02
 5.34569807e-02 5.65529801e-02 5.91398366e-02 5.93366474e-02
 5.94765916e-02 6.14130646e-02 6.57639280e-02 6.58328682e-02
 6.89554736e-02 6.97358623e-02 7.29659051e-02 7.43171424e-02
 8.35798532e-02 8.38785917e-02 8.40255097e-02 8.49136412e-02
 8.88772011e-02 9.09369662e-02 9.76369902e-02 1.05499834e-01
 1.06392778e-01 1.18943952e-01 1.22658990e-01 1.24212816e-01
 1.39656723e-01 1.56797215e-01 1.57847062e-01 2.01264098e-01
 2.01329395e-01 2.04335168e-01 2.07872018e-01 2.43982285e-01
 2.64053315e-01 2.64582962e-01 3.23314309e-01 3.57898682e-01
 4.29488182e-01 4.62306052e-01 4.68334854e-01 5.36498368e-01]",9.152091979980469,-0.39163577639749847,540
2,1.5450077056884766,0.6161615252494812,0.1346123218536377,module.layer1.0.conv2,"[5.61198945e-08 5.84374718e-08 7.55378480e-08 9.12469318e-08
 1.34760270e-07 1.36422898e-07 1.51283047e-07 1.64231224e-07
 1.74191612e-07 1.74272216e-07 1.84125497e-07 3.36849439e-07
 5.19962725e-07 1.32759442e-06 2.29919920e-06 9.78206845e-06
 1.19891074e-05 1.64794346e-05 1.71425527e-05 1.74531360e-05
 1.98585167e-05 1.99565748e-05 2.28031986e-05 2.38178618e-05
 2.50652392e-05 2.79822052e-05 2.83737809e-05 2.90925855e-05
 3.58541802e-05 3.64873194e-05 3.83734441e-05 4.33373316e-05
 4.38780116e-05 4.56126254e-05 4.72550018e-05 4.79065675e-05
 5.22020819e-05 5.25048636e-05 5.49990000e-05 6.06776375e-05
 6.09589079e-05 6.21538202e-05 6.89171648e-05 6.90678717e-05
 6.91595706e-05 7.11241300e-05 7.39044917e-05 7.53433997e-05
 7.55375077e-05 7.71150226e-05 7.78578833e-05 8.71105149e-05
 8.79058789e-05 8.92783792e-05 8.93495890e-05 9.26511857e-05
 9.29429370e-05 9.41519684e-05 9.53011258e-05 9.71259869e-05
 1.03177517e-04 1.04034785e-04 1.04729079e-04 1.09050961e-04
 1.16787443e-04 1.19027827e-04 1.19663273e-04 1.21075740e-04
 1.22439145e-04 1.26060011e-04 1.26462226e-04 1.29089211e-04
 1.35907612e-04 1.41598663e-04 1.44175981e-04 1.53316199e-04
 1.53914225e-04 1.54688169e-04 1.56493683e-04 1.56735303e-04
 1.57141782e-04 1.58007388e-04 1.62212382e-04 1.64955534e-04
 1.72117696e-04 1.74045563e-04 1.76731381e-04 1.79352166e-04
 1.79923838e-04 1.86184261e-04 1.95217755e-04 2.00821669e-04
 2.08162135e-04 2.08612051e-04 2.09994032e-04 2.10235972e-04
 2.19698966e-04 2.23191673e-04 2.24645933e-04 2.25341239e-04
 2.31567421e-04 2.39579327e-04 2.46055977e-04 2.46197218e-04
 2.48842465e-04 2.63100344e-04 2.65942916e-04 2.65986164e-04
 2.72474717e-04 2.87770090e-04 2.90679454e-04 2.91554607e-04
 2.92704965e-04 2.94182217e-04 2.94185360e-04 2.95355479e-04
 2.98503059e-04 3.00095970e-04 3.01019492e-04 3.09024006e-04
 3.22203385e-04 3.26937850e-04 3.33983131e-04 3.45509907e-04
 3.47580790e-04 3.47844616e-04 3.50869610e-04 3.52391624e-04
 3.58711754e-04 3.60850361e-04 3.80808924e-04 3.94689821e-04
 4.04707156e-04 4.10018838e-04 4.14051465e-04 4.18942625e-04
 4.36369970e-04 4.36944771e-04 4.38460818e-04 4.60830022e-04
 4.76396031e-04 4.80362592e-04 4.85608005e-04 4.87077574e-04
 4.99538728e-04 5.08573547e-04 5.14291227e-04 5.14881162e-04
 5.17424603e-04 5.31251251e-04 5.36044652e-04 5.41285612e-04
 5.49824152e-04 5.52980753e-04 5.55433333e-04 5.59122243e-04
 5.62535366e-04 5.65720140e-04 5.65741851e-04 5.90962009e-04
 6.02199987e-04 6.06581511e-04 6.19085215e-04 6.35701930e-04
 6.44371903e-04 6.54146774e-04 6.56968681e-04 6.75574294e-04
 6.81029400e-04 6.88884407e-04 6.89295295e-04 6.89312117e-04
 7.08950916e-04 7.28530111e-04 7.31220294e-04 7.32282002e-04
 7.54316745e-04 7.71664432e-04 7.93041836e-04 8.17604479e-04
 8.20786227e-04 8.24012037e-04 8.25559604e-04 8.31574551e-04
 8.32975027e-04 8.64814909e-04 8.95987963e-04 9.20731865e-04
 9.28043213e-04 9.43462830e-04 9.45236010e-04 9.50796588e-04
 9.53904469e-04 9.82733793e-04 9.86534404e-04 9.90152941e-04
 9.96719813e-04 1.02801423e-03 1.03681989e-03 1.03715656e-03
 1.04842964e-03 1.04953430e-03 1.05477870e-03 1.07321749e-03
 1.08955742e-03 1.11399195e-03 1.11435680e-03 1.13916292e-03
 1.18497794e-03 1.19068695e-03 1.20338914e-03 1.20515143e-03
 1.22553017e-03 1.23173220e-03 1.24656118e-03 1.30543078e-03
 1.32591382e-03 1.32736273e-03 1.33289804e-03 1.34006084e-03
 1.35537318e-03 1.36876770e-03 1.38006103e-03 1.40031450e-03
 1.40252011e-03 1.40319462e-03 1.42756780e-03 1.44144217e-03
 1.47990335e-03 1.48186879e-03 1.49261463e-03 1.53244718e-03
 1.54643797e-03 1.57386868e-03 1.57695811e-03 1.64135790e-03
 1.64622010e-03 1.67852244e-03 1.69345550e-03 1.69874064e-03
 1.74794230e-03 1.79342669e-03 1.81044708e-03 1.82684918e-03
 1.83272001e-03 1.83961191e-03 1.83987874e-03 1.86059240e-03
 1.91027008e-03 1.94070814e-03 1.95005105e-03 1.96733512e-03
 1.97446044e-03 1.98075641e-03 2.03241524e-03 2.05570692e-03
 2.07443396e-03 2.08577258e-03 2.10533105e-03 2.11280980e-03
 2.17996002e-03 2.18326016e-03 2.24592211e-03 2.25766725e-03
 2.26779794e-03 2.27241241e-03 2.27455958e-03 2.28181784e-03
 2.31016357e-03 2.31082551e-03 2.33296864e-03 2.33993330e-03
 2.39692000e-03 2.43248232e-03 2.46172608e-03 2.46573007e-03
 2.48444593e-03 2.53662211e-03 2.58327532e-03 2.59558507e-03
 2.62814993e-03 2.66942405e-03 2.73860269e-03 2.76451674e-03
 2.80984864e-03 2.82317190e-03 2.83299643e-03 2.84259557e-03
 2.86363787e-03 2.90156342e-03 2.94425571e-03 2.97447038e-03
 2.99993297e-03 3.01346253e-03 3.02990130e-03 3.08714178e-03
 3.09715513e-03 3.11039365e-03 3.12866992e-03 3.17174569e-03
 3.24697583e-03 3.24889552e-03 3.36868479e-03 3.42166470e-03
 3.46299564e-03 3.54844728e-03 3.54999630e-03 3.64427036e-03
 3.72728962e-03 3.76652624e-03 3.76667059e-03 3.78067861e-03
 3.81092913e-03 3.83788440e-03 3.89722083e-03 3.90498014e-03
 4.02700715e-03 4.10067011e-03 4.23978036e-03 4.28153947e-03
 4.39225323e-03 4.47809743e-03 4.48859204e-03 4.56869882e-03
 4.59324010e-03 4.63373912e-03 4.69231699e-03 4.74670017e-03
 4.74809576e-03 4.76354174e-03 4.76501789e-03 4.86212410e-03
 4.88049909e-03 4.96332953e-03 4.98709828e-03 5.08854864e-03
 5.25477529e-03 5.30497078e-03 5.37704537e-03 5.38281398e-03
 5.43043436e-03 5.47391735e-03 5.50906966e-03 5.57246618e-03
 5.59450267e-03 5.66774746e-03 5.75745758e-03 5.85876172e-03
 5.90039091e-03 5.98089816e-03 6.04095450e-03 6.05094805e-03
 6.08416414e-03 6.35684608e-03 6.38786750e-03 6.41759019e-03
 6.73203683e-03 6.75560022e-03 6.79754093e-03 6.85844012e-03
 7.13224802e-03 7.51806935e-03 7.52829434e-03 7.53321312e-03
 7.57950777e-03 7.62167433e-03 7.62699964e-03 7.65711814e-03
 7.70714274e-03 7.86586665e-03 8.04093480e-03 8.30500387e-03
 8.34824983e-03 8.62737838e-03 8.64001270e-03 8.72139353e-03
 8.83306377e-03 8.99124518e-03 8.99910275e-03 9.01819021e-03
 9.30236839e-03 9.34861694e-03 9.39916447e-03 9.55087226e-03
 9.96234734e-03 1.05460603e-02 1.05986735e-02 1.06769400e-02
 1.08669857e-02 1.09068183e-02 1.09842224e-02 1.11170933e-02
 1.13442056e-02 1.14950612e-02 1.15695382e-02 1.16709182e-02
 1.16811926e-02 1.17271040e-02 1.19126672e-02 1.21318661e-02
 1.22875739e-02 1.23901414e-02 1.25497496e-02 1.29889967e-02
 1.30693642e-02 1.31126335e-02 1.33642964e-02 1.34610813e-02
 1.36215007e-02 1.36473980e-02 1.37495250e-02 1.38635142e-02
 1.39299771e-02 1.39787663e-02 1.40979439e-02 1.42933382e-02
 1.44819804e-02 1.48568600e-02 1.50130056e-02 1.53495865e-02
 1.55484537e-02 1.56684779e-02 1.60784703e-02 1.62564013e-02
 1.65322013e-02 1.69688649e-02 1.70784332e-02 1.71100721e-02
 1.78946406e-02 1.82213727e-02 1.82957519e-02 1.83583405e-02
 1.84495617e-02 1.89065412e-02 1.90855525e-02 1.91552788e-02
 1.91720333e-02 1.94864236e-02 1.98375527e-02 2.03410331e-02
 2.08646003e-02 2.08761077e-02 2.10026857e-02 2.12085918e-02
 2.14629713e-02 2.18901318e-02 2.19563693e-02 2.22893190e-02
 2.25835443e-02 2.29927767e-02 2.37943716e-02 2.38601323e-02
 2.39708368e-02 2.43502297e-02 2.46726591e-02 2.48222630e-02
 2.54228935e-02 2.54516322e-02 2.55752336e-02 2.56271996e-02
 2.57523879e-02 2.59512123e-02 2.63377465e-02 2.70857681e-02
 2.76964381e-02 2.79736873e-02 2.82547437e-02 2.84356158e-02
 2.84701213e-02 2.90146042e-02 2.97648981e-02 3.33650894e-02
 3.71255130e-02 3.72571759e-02 3.82990763e-02 3.83669175e-02
 3.93809825e-02 3.98188122e-02 3.98887433e-02 4.00528572e-02
 4.07791547e-02 4.15927470e-02 4.17894684e-02 4.27453741e-02
 4.29967493e-02 4.46095616e-02 4.48029824e-02 4.56121378e-02
 4.60421592e-02 4.62022573e-02 4.70740385e-02 4.73036245e-02
 4.86379117e-02 4.89540622e-02 5.00046909e-02 5.06669506e-02
 5.08333370e-02 5.21704443e-02 5.66557907e-02 5.80054782e-02
 5.93416616e-02 5.94820194e-02 6.22243211e-02 6.25462160e-02
 6.69920519e-02 6.70722499e-02 6.93554878e-02 6.95638359e-02
 7.40395635e-02 7.41590261e-02 7.46534020e-02 7.71400407e-02
 8.07541981e-02 8.11177790e-02 8.21017250e-02 8.30904320e-02
 8.52884203e-02 8.62691104e-02 8.64627808e-02 9.26024318e-02
 1.00499906e-01 1.08195275e-01 1.09400310e-01 1.17199346e-01
 1.18122369e-01 1.31160647e-01 1.40294075e-01 1.46003067e-01
 1.53277248e-01 1.68240428e-01 1.81913704e-01 1.99967161e-01
 2.01896861e-01 2.13030189e-01 2.14265913e-01 2.64289141e-01
 3.83630902e-01 4.19010103e-01 4.85713333e-01 6.16161525e-01]",9.59498405456543,-0.3249235001107646,540
3,1.5502519607543945,0.28079837560653687,0.11780375242233276,module.layer1.1.conv1,"[4.61650916e-06 6.13931752e-06 6.31679495e-06 8.16333704e-06
 8.92589833e-06 9.39987240e-06 9.59057161e-06 9.64162882e-06
 1.09312377e-05 1.16278925e-05 1.21260346e-05 1.21366757e-05
 1.28555312e-05 1.47296923e-05 1.50976521e-05 1.51235772e-05
 1.51519762e-05 1.51524437e-05 1.53877572e-05 1.59572410e-05
 1.65502897e-05 1.67024846e-05 1.68574552e-05 1.69918385e-05
 1.77468864e-05 1.77646452e-05 1.78236642e-05 1.79823764e-05
 1.79838171e-05 1.80218085e-05 1.92077787e-05 2.01864805e-05
 2.08897127e-05 2.22065337e-05 2.26865395e-05 2.67132946e-05
 2.69307675e-05 2.74794747e-05 2.84461330e-05 2.95071295e-05
 3.13481869e-05 3.18951606e-05 3.23085078e-05 3.26179470e-05
 3.78246696e-05 3.79641606e-05 3.81485042e-05 3.83277802e-05
 3.87926011e-05 3.91929607e-05 3.96188734e-05 4.13551134e-05
 4.20263750e-05 4.24068676e-05 4.26219340e-05 4.47475359e-05
 4.51416854e-05 4.82377400e-05 4.86435165e-05 5.03189367e-05
 5.05868520e-05 5.10265891e-05 5.58727843e-05 5.80100423e-05
 5.85760390e-05 6.04285742e-05 6.06183457e-05 6.24557069e-05
 6.26697001e-05 6.74722542e-05 6.85776613e-05 7.06329229e-05
 7.10009990e-05 7.11634566e-05 7.28585073e-05 7.51801927e-05
 7.62558193e-05 7.78102258e-05 7.79743568e-05 8.01527276e-05
 8.13482693e-05 8.29746423e-05 8.46227340e-05 8.52436206e-05
 8.64649046e-05 8.70036820e-05 8.79813524e-05 8.87679489e-05
 8.90530937e-05 9.29496528e-05 9.35004791e-05 9.80703480e-05
 9.98258547e-05 1.00583289e-04 1.03887272e-04 1.04673709e-04
 1.08465494e-04 1.10079112e-04 1.13678536e-04 1.14832350e-04
 1.17660973e-04 1.18076699e-04 1.20728342e-04 1.21071804e-04
 1.22888188e-04 1.22904996e-04 1.26522296e-04 1.29638822e-04
 1.37063907e-04 1.40613833e-04 1.42884091e-04 1.44239486e-04
 1.45545171e-04 1.48031861e-04 1.55126720e-04 1.55366040e-04
 1.56905342e-04 1.60557480e-04 1.62483440e-04 1.68191051e-04
 1.71364984e-04 1.71950320e-04 1.72707048e-04 1.75716923e-04
 1.86344245e-04 1.91968895e-04 1.93617438e-04 1.93801912e-04
 1.98099515e-04 1.98290261e-04 2.00452851e-04 2.02146330e-04
 2.18071291e-04 2.22906194e-04 2.31376907e-04 2.37875560e-04
 2.38194436e-04 2.51880818e-04 2.52387224e-04 2.57904816e-04
 2.67153169e-04 2.68507836e-04 2.73490645e-04 2.73995189e-04
 2.77526851e-04 2.82670779e-04 3.04278365e-04 3.05705762e-04
 3.08698305e-04 3.13829194e-04 3.14578996e-04 3.21925792e-04
 3.27755843e-04 3.28936585e-04 3.32978612e-04 3.39678838e-04
 3.53204785e-04 3.54595337e-04 3.56466451e-04 3.58394871e-04
 3.63126019e-04 3.70133144e-04 3.84308165e-04 3.88234068e-04
 3.92691349e-04 3.93754075e-04 4.02539736e-04 4.04457038e-04
 4.08298802e-04 4.25804057e-04 4.28061379e-04 4.32628935e-04
 4.36709408e-04 4.47767961e-04 4.60957410e-04 4.61829884e-04
 4.73497028e-04 4.94666980e-04 5.15193620e-04 5.16423373e-04
 5.20389643e-04 5.25827345e-04 5.29879297e-04 5.57071937e-04
 5.60988090e-04 5.66683768e-04 5.82133187e-04 5.83480694e-04
 6.11919852e-04 6.16016332e-04 6.19558094e-04 6.20682898e-04
 6.21853513e-04 6.33924734e-04 6.35265314e-04 6.40061917e-04
 6.65153726e-04 6.78379787e-04 6.84607774e-04 6.84619765e-04
 7.06183142e-04 7.09550048e-04 7.27520033e-04 7.32101267e-04
 7.44526857e-04 7.55715824e-04 7.58538488e-04 7.63116870e-04
 7.68235826e-04 7.76961562e-04 7.82848510e-04 7.84010277e-04
 7.95202330e-04 7.97503744e-04 8.00273090e-04 8.27829936e-04
 8.39153246e-04 8.80244479e-04 9.12348565e-04 9.16633813e-04
 9.21723258e-04 9.24397551e-04 9.30146372e-04 9.34734591e-04
 9.40044061e-04 9.48681612e-04 9.53665643e-04 9.54513263e-04
 9.61412501e-04 9.68622742e-04 1.03644072e-03 1.04973547e-03
 1.06912816e-03 1.08687964e-03 1.08752574e-03 1.10004726e-03
 1.10944395e-03 1.11403828e-03 1.11796043e-03 1.14023197e-03
 1.16526382e-03 1.18367968e-03 1.19476824e-03 1.20170228e-03
 1.21216243e-03 1.23912573e-03 1.24948332e-03 1.25456066e-03
 1.28258509e-03 1.30705955e-03 1.31113501e-03 1.31986674e-03
 1.31997769e-03 1.36125064e-03 1.38134253e-03 1.38222380e-03
 1.38668483e-03 1.39799237e-03 1.39869528e-03 1.40810956e-03
 1.42415066e-03 1.44872966e-03 1.46564958e-03 1.48543424e-03
 1.49060844e-03 1.52003637e-03 1.53187965e-03 1.53602788e-03
 1.54993648e-03 1.63653214e-03 1.68632227e-03 1.69957965e-03
 1.70030340e-03 1.70780113e-03 1.71506172e-03 1.78855774e-03
 1.80666777e-03 1.81507063e-03 1.83074118e-03 1.87557784e-03
 1.89439731e-03 1.95154408e-03 1.96584733e-03 1.96686247e-03
 2.00715777e-03 2.00766372e-03 2.01282185e-03 2.02364055e-03
 2.03767186e-03 2.04522535e-03 2.06105108e-03 2.06628116e-03
 2.14068941e-03 2.14489037e-03 2.15137447e-03 2.15391978e-03
 2.15844112e-03 2.19507352e-03 2.20821542e-03 2.27666204e-03
 2.30597053e-03 2.30922760e-03 2.35206471e-03 2.40343926e-03
 2.59609404e-03 2.60431925e-03 2.64049019e-03 2.66794558e-03
 2.68647331e-03 2.70098401e-03 2.75987037e-03 2.79807625e-03
 2.86652427e-03 2.89850216e-03 2.92986003e-03 3.01100523e-03
 3.03352205e-03 3.08680930e-03 3.11672338e-03 3.12024029e-03
 3.13876569e-03 3.13983788e-03 3.14360810e-03 3.14995204e-03
 3.35439341e-03 3.41257290e-03 3.43418098e-03 3.46184825e-03
 3.46841244e-03 3.50795314e-03 3.51401744e-03 3.51734436e-03
 3.53977317e-03 3.55383684e-03 3.59354797e-03 3.67590343e-03
 3.68981343e-03 3.69735993e-03 3.81720136e-03 3.82649177e-03
 3.83593678e-03 3.84168583e-03 3.86914611e-03 3.89972422e-03
 3.94389126e-03 3.94472666e-03 3.95072531e-03 4.19490738e-03
 4.23811749e-03 4.29376820e-03 4.29710047e-03 4.29798756e-03
 4.31363098e-03 4.32104664e-03 4.40531643e-03 4.47991956e-03
 4.54449886e-03 4.55004442e-03 4.58875904e-03 4.63298755e-03
 4.72090626e-03 4.77169780e-03 4.88353195e-03 4.89645731e-03
 4.90071671e-03 4.90263617e-03 5.03338035e-03 5.04472712e-03
 5.32375462e-03 5.45183523e-03 5.53598441e-03 5.67945326e-03
 5.68910455e-03 5.78854745e-03 5.81136579e-03 5.83417062e-03
 5.91703877e-03 5.91922458e-03 5.97612699e-03 6.18853560e-03
 6.26478856e-03 6.41948637e-03 6.46676542e-03 6.55452115e-03
 6.58340752e-03 6.67210296e-03 6.84701605e-03 6.87035499e-03
 6.87933620e-03 6.91986224e-03 7.05495616e-03 7.26032956e-03
 7.30222370e-03 7.41393073e-03 7.42841186e-03 7.43567478e-03
 7.51621323e-03 7.97608495e-03 8.29804968e-03 8.32166895e-03
 8.32588132e-03 8.34523607e-03 8.42378289e-03 8.47676210e-03
 8.47710576e-03 8.54867138e-03 8.80055968e-03 8.83218553e-03
 8.93491786e-03 9.11451131e-03 9.49263386e-03 9.63718351e-03
 9.65990592e-03 9.99480300e-03 1.00820726e-02 1.01147415e-02
 1.02278860e-02 1.04677714e-02 1.04931993e-02 1.06317187e-02
 1.08040487e-02 1.11008966e-02 1.13568706e-02 1.14241354e-02
 1.14925690e-02 1.15425410e-02 1.16234710e-02 1.16652129e-02
 1.22427456e-02 1.25098694e-02 1.25531415e-02 1.25723835e-02
 1.27043957e-02 1.28820334e-02 1.31841153e-02 1.35377878e-02
 1.38529101e-02 1.41993603e-02 1.46786878e-02 1.49299866e-02
 1.49503816e-02 1.53120691e-02 1.58017855e-02 1.58710517e-02
 1.59732774e-02 1.63079482e-02 1.65111851e-02 1.65864863e-02
 1.66280754e-02 1.66814085e-02 1.73227787e-02 1.74993686e-02
 1.79450754e-02 1.83072817e-02 1.85308680e-02 1.90907810e-02
 1.94502920e-02 2.01819446e-02 2.05912832e-02 2.12200694e-02
 2.14604493e-02 2.18080748e-02 2.23763827e-02 2.26812139e-02
 2.28269175e-02 2.37498134e-02 2.44582314e-02 2.45061647e-02
 2.49836557e-02 2.51707435e-02 2.53165793e-02 2.60081347e-02
 2.61560977e-02 2.62890495e-02 2.63974387e-02 2.74085868e-02
 2.81365626e-02 2.83622257e-02 2.97141504e-02 3.03278193e-02
 3.03807817e-02 3.03918570e-02 3.10237762e-02 3.25055048e-02
 3.27203274e-02 3.31341624e-02 3.37578990e-02 3.40348110e-02
 3.44219320e-02 3.47336940e-02 3.48052792e-02 3.62814367e-02
 3.70803401e-02 3.77003103e-02 3.81898358e-02 3.86555456e-02
 3.95279564e-02 3.97195108e-02 4.12948616e-02 4.20426503e-02
 4.21180353e-02 4.30922359e-02 4.43047546e-02 4.47179265e-02
 4.61298786e-02 4.82847840e-02 4.82895002e-02 4.84057963e-02
 4.87987772e-02 5.46247214e-02 5.57798073e-02 5.91745935e-02
 5.93375526e-02 6.32585362e-02 6.47560209e-02 6.67110085e-02
 6.97913393e-02 7.14943409e-02 7.30464160e-02 7.42844567e-02
 7.64093623e-02 7.79896975e-02 7.82450810e-02 8.03401023e-02
 8.46434087e-02 9.14707035e-02 9.88054946e-02 1.02256767e-01
 1.09815396e-01 1.29309952e-01 1.29487172e-01 1.30537421e-01
 1.33838087e-01 1.38906181e-01 1.39884800e-01 1.46686316e-01
 1.77214086e-01 2.11550966e-01 2.33124018e-01 2.80798376e-01]",6.421611785888672,-0.8551273666939267,540
4,1.5096462965011597,0.38429972529411316,0.13995254039764404,module.layer1.1.conv2,"[1.73941789e-05 1.74579818e-05 1.85471199e-05 2.16343633e-05
 2.23070674e-05 2.30879305e-05 2.44699586e-05 2.50102166e-05
 2.58158780e-05 2.63670463e-05 2.64308601e-05 2.68484600e-05
 2.75329021e-05 2.76322025e-05 2.91447705e-05 2.97539955e-05
 3.03255856e-05 3.12153243e-05 3.21080115e-05 3.41143605e-05
 3.55261363e-05 3.80845704e-05 3.86910106e-05 3.88331973e-05
 3.90806890e-05 3.94235503e-05 4.11265901e-05 4.17432930e-05
 4.24369246e-05 4.26392326e-05 4.30500877e-05 4.38576317e-05
 4.60355004e-05 4.62767348e-05 4.71854582e-05 4.78180336e-05
 4.91904575e-05 5.07637124e-05 5.16178152e-05 5.27981501e-05
 5.83365108e-05 5.96207792e-05 6.09541712e-05 6.16504840e-05
 6.17129190e-05 6.29986025e-05 6.49337744e-05 6.70450390e-05
 6.96072020e-05 7.01181489e-05 7.05840430e-05 7.28864907e-05
 7.65303485e-05 7.76469969e-05 7.84404037e-05 8.06775643e-05
 8.22189322e-05 8.31346479e-05 8.33186932e-05 8.55676190e-05
 8.60079090e-05 8.74895995e-05 8.88085488e-05 9.03291439e-05
 9.07190115e-05 9.21329774e-05 9.41702820e-05 1.01064899e-04
 1.01334103e-04 1.02969694e-04 1.04736915e-04 1.05253879e-04
 1.05831066e-04 1.05974039e-04 1.06545602e-04 1.09859167e-04
 1.10978101e-04 1.14144459e-04 1.17438263e-04 1.19363307e-04
 1.20967707e-04 1.23493519e-04 1.23744598e-04 1.24637663e-04
 1.24997488e-04 1.26201005e-04 1.27467545e-04 1.28780710e-04
 1.32525849e-04 1.36705901e-04 1.38336967e-04 1.47496990e-04
 1.48704363e-04 1.51916349e-04 1.53115689e-04 1.54289053e-04
 1.55231406e-04 1.56497554e-04 1.59740317e-04 1.69928564e-04
 1.70273823e-04 1.72297907e-04 1.73880428e-04 1.74500296e-04
 1.75050925e-04 1.80893898e-04 1.83463111e-04 1.90723367e-04
 1.93410538e-04 1.93755972e-04 1.95523928e-04 1.95764223e-04
 1.98344947e-04 2.01528164e-04 2.02945390e-04 2.05085846e-04
 2.07711055e-04 2.10374972e-04 2.10671991e-04 2.11123566e-04
 2.14194763e-04 2.16254048e-04 2.22992443e-04 2.24285861e-04
 2.24691335e-04 2.25664975e-04 2.27170472e-04 2.28288322e-04
 2.31458704e-04 2.32297622e-04 2.42951268e-04 2.43987452e-04
 2.45298172e-04 2.45668518e-04 2.49083998e-04 2.51031102e-04
 2.54137907e-04 2.56918749e-04 2.63112248e-04 2.64007773e-04
 2.70771066e-04 2.79581465e-04 2.82626512e-04 2.86442810e-04
 2.90985976e-04 2.95686186e-04 2.95888924e-04 3.00254469e-04
 3.00828222e-04 3.15504381e-04 3.15914163e-04 3.16488440e-04
 3.20699124e-04 3.23814515e-04 3.31764866e-04 3.36764788e-04
 3.45028326e-04 3.45351291e-04 3.46394372e-04 3.53588606e-04
 3.55810742e-04 3.58527614e-04 3.59222526e-04 3.70842667e-04
 3.73158255e-04 3.77352291e-04 3.77905439e-04 3.86183732e-04
 3.88468034e-04 3.90719244e-04 3.94776842e-04 4.00464283e-04
 4.02473670e-04 4.03090031e-04 4.14892245e-04 4.17878182e-04
 4.18611686e-04 4.21636098e-04 4.33281355e-04 4.33740061e-04
 4.41725424e-04 4.44538164e-04 4.46840306e-04 4.53573652e-04
 4.57068323e-04 4.58290131e-04 4.84509161e-04 4.85970930e-04
 4.92107007e-04 5.06617653e-04 5.07790537e-04 5.09865058e-04
 5.15437510e-04 5.18158718e-04 5.24447998e-04 5.25871583e-04
 5.36678941e-04 5.39194793e-04 5.44708746e-04 5.52292156e-04
 5.57128340e-04 5.64122631e-04 5.71707671e-04 5.74938778e-04
 5.77143917e-04 5.77961502e-04 5.93991601e-04 6.09081064e-04
 6.12124044e-04 6.19712926e-04 6.34179043e-04 6.40579616e-04
 6.65089523e-04 6.85855397e-04 7.04008213e-04 7.06890773e-04
 7.14981579e-04 7.25683756e-04 7.32755812e-04 7.51001120e-04
 7.61014409e-04 7.65305769e-04 7.65621371e-04 7.74491229e-04
 7.76812958e-04 8.01596325e-04 8.07897944e-04 8.10183003e-04
 8.31052428e-04 8.33657803e-04 8.40050925e-04 8.81631975e-04
 9.13529890e-04 9.14188800e-04 9.23599408e-04 9.33996227e-04
 9.41877777e-04 9.80628887e-04 9.86424391e-04 9.91509994e-04
 9.97580704e-04 1.00834342e-03 1.03322160e-03 1.03623513e-03
 1.03690312e-03 1.06945727e-03 1.08196260e-03 1.08228612e-03
 1.09389191e-03 1.09986437e-03 1.15384138e-03 1.15898764e-03
 1.16700225e-03 1.17888371e-03 1.18918321e-03 1.19687011e-03
 1.20256457e-03 1.21145183e-03 1.24373892e-03 1.24493020e-03
 1.24586257e-03 1.25320512e-03 1.27687573e-03 1.29265594e-03
 1.32919638e-03 1.34080544e-03 1.36826793e-03 1.37759186e-03
 1.42728945e-03 1.43292849e-03 1.49355456e-03 1.49505911e-03
 1.50298269e-03 1.50556816e-03 1.50771718e-03 1.54432852e-03
 1.54582155e-03 1.57099310e-03 1.60872121e-03 1.62941951e-03
 1.65382039e-03 1.67523162e-03 1.68890681e-03 1.74716988e-03
 1.75450451e-03 1.76625839e-03 1.78927428e-03 1.79533043e-03
 1.80317007e-03 1.82961114e-03 1.83814357e-03 1.89082546e-03
 1.97148998e-03 1.98823400e-03 1.99324265e-03 2.04300298e-03
 2.06649280e-03 2.09378963e-03 2.13411823e-03 2.20897491e-03
 2.23563635e-03 2.31055543e-03 2.33130227e-03 2.37655803e-03
 2.38227868e-03 2.38891784e-03 2.47000623e-03 2.48108990e-03
 2.50395946e-03 2.52160151e-03 2.52661877e-03 2.53521954e-03
 2.53719743e-03 2.60343915e-03 2.61276448e-03 2.62892363e-03
 2.73745204e-03 2.78270105e-03 2.85867159e-03 2.96551012e-03
 3.02947522e-03 3.09826108e-03 3.14841350e-03 3.15995771e-03
 3.17169866e-03 3.19691794e-03 3.20042972e-03 3.24464287e-03
 3.25382873e-03 3.38512706e-03 3.39187076e-03 3.46292323e-03
 3.59258149e-03 3.63593409e-03 3.65936733e-03 3.67439399e-03
 3.69197945e-03 3.72950244e-03 3.77319730e-03 3.87981697e-03
 3.90207232e-03 3.93035728e-03 3.94580048e-03 4.04603221e-03
 4.07593697e-03 4.16312274e-03 4.18347493e-03 4.18419298e-03
 4.43253806e-03 4.46842238e-03 4.48395684e-03 4.50428762e-03
 4.60284017e-03 4.75580990e-03 4.76794457e-03 4.84674191e-03
 4.93573304e-03 4.97575523e-03 5.04198857e-03 5.09143947e-03
 5.10953087e-03 5.15197637e-03 5.16231358e-03 5.40765654e-03
 5.42580243e-03 5.44889783e-03 5.57647599e-03 5.80154173e-03
 5.81020489e-03 5.81710925e-03 5.86997764e-03 5.97789558e-03
 5.99408522e-03 6.04072399e-03 6.12663059e-03 6.20852783e-03
 6.22411584e-03 6.24444801e-03 6.32567657e-03 6.38587167e-03
 6.64132228e-03 6.70668250e-03 6.74642855e-03 6.75688125e-03
 6.83342014e-03 6.87259343e-03 7.16122892e-03 7.30074756e-03
 7.30158435e-03 7.55671319e-03 7.65341008e-03 7.65685085e-03
 7.71865109e-03 7.82531500e-03 8.49826727e-03 8.56701005e-03
 8.64858367e-03 8.65423772e-03 8.74713715e-03 8.81450437e-03
 8.90215393e-03 8.95361323e-03 9.12954379e-03 9.36549157e-03
 9.72853042e-03 9.80960112e-03 9.86088440e-03 9.97257978e-03
 1.00116413e-02 1.02947112e-02 1.04237692e-02 1.04775792e-02
 1.05425809e-02 1.05991131e-02 1.06173111e-02 1.08460365e-02
 1.10218953e-02 1.10310707e-02 1.16168922e-02 1.19045172e-02
 1.20172268e-02 1.24042518e-02 1.25172967e-02 1.26395719e-02
 1.26523441e-02 1.32691721e-02 1.33435093e-02 1.35721266e-02
 1.35959452e-02 1.37631977e-02 1.38145713e-02 1.39429420e-02
 1.42053273e-02 1.42289987e-02 1.42635247e-02 1.44273173e-02
 1.44738425e-02 1.45314150e-02 1.48358000e-02 1.53366104e-02
 1.58463717e-02 1.62493195e-02 1.68854930e-02 1.70624852e-02
 1.71800684e-02 1.72274690e-02 1.74598005e-02 1.83324050e-02
 1.85320470e-02 1.86748914e-02 1.92488506e-02 1.94809400e-02
 1.98228136e-02 1.98368561e-02 2.05488261e-02 2.08235085e-02
 2.08988935e-02 2.10427716e-02 2.12030634e-02 2.15010215e-02
 2.16272064e-02 2.20195856e-02 2.21118052e-02 2.34568194e-02
 2.37258263e-02 2.37933788e-02 2.43181977e-02 2.45105494e-02
 2.56274249e-02 2.64842957e-02 2.69389655e-02 2.72295605e-02
 2.73653828e-02 2.86469031e-02 2.87618693e-02 2.90546771e-02
 2.90758833e-02 2.91667264e-02 3.03922407e-02 3.04364134e-02
 3.11663821e-02 3.20303105e-02 3.26554589e-02 3.34408171e-02
 3.38537283e-02 3.48541513e-02 3.50955538e-02 3.52402069e-02
 3.52637954e-02 3.63762826e-02 3.67597230e-02 3.68876643e-02
 3.69273946e-02 3.96918431e-02 4.19368595e-02 4.22821194e-02
 4.26038466e-02 4.28518690e-02 4.87972759e-02 4.91134748e-02
 5.01780733e-02 5.06439507e-02 5.07433787e-02 5.24220727e-02
 5.24958670e-02 5.53189293e-02 5.64954318e-02 5.72045930e-02
 5.77133857e-02 5.77256717e-02 5.80164269e-02 6.11712560e-02
 6.15245029e-02 6.16977699e-02 6.19820543e-02 6.20055795e-02
 6.30860329e-02 6.75171539e-02 6.83076456e-02 6.99382722e-02
 7.07643405e-02 7.57371113e-02 7.69411772e-02 8.01825598e-02
 8.41818303e-02 9.18776244e-02 9.52388048e-02 1.03025086e-01
 1.03697971e-01 1.04130670e-01 1.08207271e-01 1.16791308e-01
 1.17605492e-01 1.23034820e-01 1.38666019e-01 1.55016139e-01
 1.68201730e-01 1.88053682e-01 3.34108680e-01 3.84299725e-01]",6.671977996826172,-0.6270012845799624,540
5,1.0799695253372192,0.6443872451782227,0.17360255122184753,module.layer2.0.conv1,"[1.2919972e-42 1.6227036e-42 2.4831009e-42 ... 4.4626880e-01 5.6497616e-01
 6.4438725e-01]",43.50575637817383,-0.20611549344680774,22500
6,1.1399133205413818,0.5030880570411682,0.17077317833900452,module.layer2.0.conv2,"[5.5266566e-24 6.8927842e-24 7.4509127e-24 ... 3.7347448e-01 3.8246158e-01
 5.0308806e-01]",73.87903594970703,-0.3400999699993304,22500
7,1.3509637117385864,1.2070043087005615,0.12638086080551147,module.layer2.0.shortcut.0,"[2.10352677e-08 3.78106826e-08 4.61364280e-08 5.00285076e-08
 5.72513024e-08 6.91415636e-08 7.36294012e-08 8.78042030e-08
 9.00915182e-08 9.72274705e-08 9.98699576e-08 1.04660117e-07
 1.10153785e-07 1.23573201e-07 1.26083776e-07 1.35900123e-07
 1.39420450e-07 1.44540081e-07 1.46393077e-07 1.48879252e-07
 1.63389004e-07 1.69267196e-07 1.91673010e-07 1.93110395e-07
 2.03385042e-07 2.19402196e-07 2.20948294e-07 2.28551528e-07
 2.34061531e-07 2.44492981e-07 2.60498950e-07 2.63191879e-07
 2.80250504e-07 2.98633580e-07 3.00761059e-07 3.11503754e-07
 3.13366598e-07 3.32575723e-07 3.37119957e-07 3.59271041e-07
 3.80172480e-07 3.86664738e-07 3.90716451e-07 3.95859274e-07
 4.06828462e-07 4.24017713e-07 4.33271452e-07 4.41674274e-07
 4.47023439e-07 4.58388314e-07 4.90437969e-07 5.10287236e-07
 5.31635294e-07 5.59712362e-07 5.67644918e-07 5.81884706e-07
 6.00612964e-07 6.05249568e-07 6.35380957e-07 6.35876404e-07
 6.43908720e-07 6.85704890e-07 6.88465889e-07 6.91717617e-07
 6.97066469e-07 7.07162656e-07 7.16516183e-07 7.56665543e-07
 7.70073882e-07 8.00062253e-07 8.01235672e-07 8.62562558e-07
 8.69564303e-07 8.77963942e-07 9.00386169e-07 9.02512966e-07
 9.25573886e-07 9.34285367e-07 9.75536977e-07 9.78254207e-07
 1.04939318e-06 1.07409164e-06 1.08323559e-06 1.11031045e-06
 1.11141833e-06 1.17976947e-06 1.20431355e-06 1.23208906e-06
 1.24444148e-06 1.27604528e-06 1.27757392e-06 1.29006071e-06
 1.29232285e-06 1.30620549e-06 1.36422466e-06 1.42319175e-06
 1.46033324e-06 1.47598701e-06 1.49220216e-06 1.50303777e-06
 1.51532652e-06 1.53197391e-06 1.56192345e-06 1.63695574e-06
 1.64986875e-06 1.66442987e-06 1.70913393e-06 1.74304557e-06
 1.75753871e-06 1.85025681e-06 1.86719956e-06 1.89925879e-06
 2.02197702e-06 2.06506093e-06 2.07812309e-06 2.09136397e-06
 2.09796463e-06 2.10979852e-06 2.14895499e-06 2.15526393e-06
 2.16212516e-06 2.25814165e-06 2.27400778e-06 2.45787191e-06
 2.48042807e-06 2.50130188e-06 2.50838434e-06 2.52003747e-06
 2.62807248e-06 2.64349228e-06 2.66162078e-06 2.71315685e-06
 2.73574256e-06 2.77598724e-06 2.81972279e-06 2.95827931e-06
 3.00480883e-06 3.03186539e-06 3.04288551e-06 3.04495711e-06
 3.17801505e-06 3.21758785e-06 3.29153067e-06 3.35731374e-06
 3.42397448e-06 3.48919616e-06 3.49161655e-06 3.51291533e-06
 3.52285042e-06 3.67810003e-06 3.75888567e-06 3.83627366e-06
 3.87312321e-06 3.87628188e-06 3.88388617e-06 3.91063350e-06
 3.96486848e-06 3.96505948e-06 4.00665931e-06 4.04501907e-06
 4.07664766e-06 4.20667948e-06 4.50333800e-06 4.52381755e-06
 4.54364590e-06 4.71663316e-06 4.77419189e-06 5.01443810e-06
 5.04770696e-06 5.07012692e-06 5.08826997e-06 5.16827686e-06
 5.22091523e-06 5.37688720e-06 5.43134593e-06 5.49399283e-06
 5.49951301e-06 5.57654221e-06 5.63128788e-06 5.78044364e-06
 5.84701229e-06 5.88307284e-06 6.08454684e-06 6.25292660e-06
 6.41531733e-06 6.44143347e-06 6.47618617e-06 6.51579103e-06
 6.54413543e-06 6.69442852e-06 6.73286604e-06 7.09413234e-06
 7.10275754e-06 7.24534857e-06 7.45886109e-06 7.52514461e-06
 7.56626287e-06 7.72490330e-06 7.77760306e-06 7.80390747e-06
 7.85702105e-06 7.91496404e-06 8.30631507e-06 8.37881089e-06
 8.56477345e-06 8.58661042e-06 8.72525197e-06 8.76825288e-06
 8.85627287e-06 9.03909495e-06 9.14041539e-06 9.54411371e-06
 9.77768377e-06 9.78413664e-06 9.88136890e-06 9.92267178e-06
 9.92874811e-06 1.02358526e-05 1.02414360e-05 1.02798313e-05
 1.05914069e-05 1.07931619e-05 1.08195300e-05 1.10704514e-05
 1.14252161e-05 1.16545052e-05 1.18277085e-05 1.18479466e-05
 1.22700740e-05 1.23173259e-05 1.24295402e-05 1.25880597e-05
 1.26644363e-05 1.28450847e-05 1.29259797e-05 1.34342827e-05
 1.34889451e-05 1.35339142e-05 1.37143525e-05 1.41031778e-05
 1.41711562e-05 1.42819754e-05 1.43014668e-05 1.43020598e-05
 1.46476914e-05 1.48586178e-05 1.49050329e-05 1.52726716e-05
 1.54125373e-05 1.55550606e-05 1.63858258e-05 1.64852117e-05
 1.65249148e-05 1.68217102e-05 1.71201209e-05 1.73689368e-05
 1.80095612e-05 1.84297605e-05 1.84447163e-05 1.87705518e-05
 1.88099293e-05 1.89434431e-05 1.90474002e-05 1.93114010e-05
 1.95875436e-05 1.99021397e-05 2.00730501e-05 2.00921331e-05
 2.01641160e-05 2.03722557e-05 2.07731973e-05 2.08118381e-05
 2.13402036e-05 2.17891393e-05 2.18258501e-05 2.19011381e-05
 2.21525188e-05 2.23789466e-05 2.30178794e-05 2.35983516e-05
 2.42297447e-05 2.44703879e-05 2.47731714e-05 2.48780707e-05
 2.49008608e-05 2.51004349e-05 2.55675750e-05 2.56628118e-05
 2.59411190e-05 2.62821868e-05 2.65861327e-05 2.75011753e-05
 2.75910261e-05 2.83017453e-05 2.87470484e-05 2.89813543e-05
 2.93726571e-05 3.01145592e-05 3.01860564e-05 3.02479566e-05
 3.04531713e-05 3.11427939e-05 3.18426646e-05 3.19887149e-05
 3.20969484e-05 3.23990462e-05 3.34883880e-05 3.39090730e-05
 3.40754923e-05 3.43711472e-05 3.56284290e-05 3.57508980e-05
 3.67542088e-05 3.71107417e-05 3.76300814e-05 3.83572224e-05
 3.89615707e-05 3.91714311e-05 3.93892551e-05 4.03292361e-05
 4.03673439e-05 4.11201399e-05 4.14238493e-05 4.15378272e-05
 4.17152478e-05 4.21120385e-05 4.37278941e-05 4.41284355e-05
 4.55679838e-05 4.56607122e-05 4.61315249e-05 4.64987352e-05
 4.66853598e-05 4.76154273e-05 4.76454188e-05 4.76658897e-05
 4.77659778e-05 4.84742741e-05 5.03226220e-05 5.07198965e-05
 5.20253307e-05 5.21850670e-05 5.24151546e-05 5.32765407e-05
 5.37933192e-05 5.43092574e-05 5.45169896e-05 5.65299997e-05
 5.66837407e-05 5.67941315e-05 5.72661156e-05 5.79514744e-05
 5.94950288e-05 5.96353129e-05 6.01535539e-05 6.24407839e-05
 6.34891767e-05 6.37083649e-05 6.44509200e-05 6.47658017e-05
 6.62471939e-05 6.62702805e-05 6.62796519e-05 6.66261549e-05
 6.69992442e-05 6.93236507e-05 7.00912642e-05 7.01350291e-05
 7.06570790e-05 7.06816209e-05 7.13576301e-05 7.20580429e-05
 7.34092391e-05 7.43817509e-05 7.53128625e-05 7.54291323e-05
 7.55018191e-05 7.67847741e-05 7.76138113e-05 7.85643933e-05
 8.14947271e-05 8.21514695e-05 8.30948411e-05 8.58660278e-05
 8.70585427e-05 8.84187830e-05 8.89623625e-05 8.90071824e-05
 9.16160425e-05 9.18049409e-05 9.18239457e-05 9.22853651e-05
 9.34519485e-05 9.57124794e-05 9.77028976e-05 9.84231447e-05
 9.93930662e-05 9.97501629e-05 1.01199985e-04 1.01254169e-04
 1.03026803e-04 1.05738589e-04 1.07411084e-04 1.08712287e-04
 1.09602886e-04 1.10227040e-04 1.13690847e-04 1.15352777e-04
 1.15388633e-04 1.16117080e-04 1.16670584e-04 1.19101467e-04
 1.19478296e-04 1.19966593e-04 1.20782810e-04 1.21063116e-04
 1.21549732e-04 1.22027879e-04 1.26694576e-04 1.27777035e-04
 1.31206194e-04 1.31511159e-04 1.32100235e-04 1.36023184e-04
 1.36674440e-04 1.36828079e-04 1.38216856e-04 1.40134347e-04
 1.41266137e-04 1.41284399e-04 1.42750534e-04 1.43617930e-04
 1.52001652e-04 1.52576278e-04 1.53681540e-04 1.53772373e-04
 1.55709538e-04 1.56080510e-04 1.57535280e-04 1.58567171e-04
 1.62354991e-04 1.63440316e-04 1.65503996e-04 1.70010113e-04
 1.70293410e-04 1.72572836e-04 1.74655768e-04 1.75877896e-04
 1.77459515e-04 1.84883160e-04 1.86366466e-04 1.88297694e-04
 1.90331077e-04 1.92352207e-04 1.94877575e-04 1.96735389e-04
 1.97662463e-04 1.98251539e-04 2.04676282e-04 2.08003956e-04
 2.08424157e-04 2.08828002e-04 2.11282357e-04 2.12819781e-04
 2.14281594e-04 2.15405482e-04 2.15969601e-04 2.16031141e-04
 2.20944043e-04 2.22184899e-04 2.22349292e-04 2.23667594e-04
 2.29234036e-04 2.32852894e-04 2.36494860e-04 2.43159040e-04
 2.43406743e-04 2.46890850e-04 2.48169119e-04 2.54046055e-04
 2.57514184e-04 2.61095876e-04 2.62947986e-04 2.65277136e-04
 2.66073796e-04 2.66381830e-04 2.69025913e-04 2.71756813e-04
 2.74705177e-04 2.76747742e-04 2.76854262e-04 2.81560788e-04
 2.81840883e-04 2.82540714e-04 2.89027143e-04 2.89062998e-04
 2.93928490e-04 2.99849868e-04 3.03769455e-04 3.04171495e-04
 3.06457427e-04 3.08002927e-04 3.19439947e-04 3.19599640e-04
 3.25783127e-04 3.32344731e-04 3.33924574e-04 3.35103570e-04
 3.37128033e-04 3.47677909e-04 3.61194863e-04 3.65595770e-04
 3.65744025e-04 3.66413093e-04 3.69588641e-04 3.71061411e-04
 3.76550539e-04 3.78588244e-04 3.86658940e-04 3.90238623e-04
 3.90929810e-04 3.95341282e-04 4.03783197e-04 4.05202620e-04
 4.07211279e-04 4.07963671e-04 4.18872485e-04 4.19452204e-04
 4.25017264e-04 4.28677042e-04 4.32141067e-04 4.32336616e-04
 4.42631834e-04 4.46112652e-04 4.53396729e-04 4.64341545e-04
 4.65101824e-04 4.71312407e-04 4.78308735e-04 4.80677641e-04
 4.84911376e-04 4.96770313e-04 4.98086913e-04 5.05513395e-04
 5.12512284e-04 5.17331064e-04 5.24469826e-04 5.58813801e-04
 5.60241286e-04 5.60897053e-04 5.61560504e-04 5.62916801e-04
 5.77884377e-04 5.80984168e-04 5.83036977e-04 5.83165674e-04
 5.97456703e-04 6.01109932e-04 6.05797570e-04 6.09526935e-04
 6.14388613e-04 6.20692095e-04 6.25963381e-04 6.26309600e-04
 6.28523994e-04 6.29316841e-04 6.30767085e-04 6.44119573e-04
 6.50671253e-04 6.52553572e-04 6.55460404e-04 6.58647565e-04
 6.64752093e-04 6.67607179e-04 6.78431708e-04 6.86110521e-04
 7.10473745e-04 7.17915595e-04 7.23008998e-04 7.28810031e-04
 7.36448623e-04 7.44624645e-04 7.49455241e-04 7.57234637e-04
 7.62031646e-04 7.62827636e-04 7.69481529e-04 7.71130784e-04
 7.76445144e-04 7.96144363e-04 8.18943896e-04 8.27137032e-04
 8.46108596e-04 8.73518642e-04 8.87313334e-04 9.07002133e-04
 9.13496537e-04 9.24481254e-04 9.31709830e-04 9.57382494e-04
 9.61336889e-04 9.64043778e-04 9.64749546e-04 9.77740274e-04
 9.94143076e-04 9.97391529e-04 1.02416123e-03 1.03438483e-03
 1.04195310e-03 1.06354791e-03 1.06620090e-03 1.07324356e-03
 1.09034579e-03 1.09164813e-03 1.09348306e-03 1.10061595e-03
 1.11121580e-03 1.14538951e-03 1.17998978e-03 1.18054403e-03
 1.18136976e-03 1.18690042e-03 1.21616281e-03 1.23977649e-03
 1.23999268e-03 1.25897955e-03 1.26216945e-03 1.26270158e-03
 1.26387388e-03 1.26393326e-03 1.28026528e-03 1.29602558e-03
 1.30704185e-03 1.32026651e-03 1.32068782e-03 1.32827496e-03
 1.35392672e-03 1.39324891e-03 1.40999432e-03 1.42357568e-03
 1.43096200e-03 1.43200415e-03 1.43830059e-03 1.45661063e-03
 1.46862748e-03 1.49940117e-03 1.52125990e-03 1.55403465e-03
 1.55797577e-03 1.58733735e-03 1.61033147e-03 1.61733071e-03
 1.65227160e-03 1.65264320e-03 1.66332652e-03 1.67532521e-03
 1.74223725e-03 1.74982613e-03 1.75425434e-03 1.77404028e-03
 1.78115466e-03 1.78185629e-03 1.80798699e-03 1.82375836e-03
 1.82649354e-03 1.87292311e-03 1.87352940e-03 1.93098327e-03
 1.93117152e-03 1.94342912e-03 1.96152483e-03 1.98852387e-03
 1.98984751e-03 1.99309620e-03 2.08891346e-03 2.09207716e-03
 2.16077757e-03 2.18534190e-03 2.21159076e-03 2.23688828e-03
 2.28979159e-03 2.33344873e-03 2.36637355e-03 2.38317461e-03
 2.39378912e-03 2.46046972e-03 2.48370203e-03 2.50856136e-03
 2.55863857e-03 2.58874893e-03 2.60479725e-03 2.60521262e-03
 2.63222936e-03 2.63235392e-03 2.68574362e-03 2.73662154e-03
 2.73687206e-03 2.73706159e-03 2.74784630e-03 2.75247218e-03
 2.82149925e-03 2.84940028e-03 2.86327186e-03 2.90053501e-03
 2.93942052e-03 2.95637338e-03 2.97945342e-03 3.01584578e-03
 3.02347587e-03 3.12034925e-03 3.14617879e-03 3.15446407e-03
 3.16683226e-03 3.17467307e-03 3.17669124e-03 3.24384472e-03
 3.28288553e-03 3.35758878e-03 3.41336685e-03 3.46477819e-03
 3.47863953e-03 3.49285197e-03 3.56683112e-03 3.69803142e-03
 3.74746299e-03 3.77487158e-03 3.80413514e-03 3.82754765e-03
 3.85745033e-03 3.91759630e-03 3.95982154e-03 3.98859754e-03
 4.06466471e-03 4.09474550e-03 4.12628381e-03 4.16686200e-03
 4.29852959e-03 4.33273055e-03 4.33807308e-03 4.36457526e-03
 4.38995473e-03 4.46256017e-03 4.49634343e-03 4.50312719e-03
 4.50935308e-03 4.58828080e-03 4.62079514e-03 4.64193057e-03
 4.64379974e-03 4.82737646e-03 4.83247032e-03 5.01651457e-03
 5.05505502e-03 5.32593811e-03 5.35810087e-03 5.37488842e-03
 5.48798963e-03 5.48965344e-03 5.56079485e-03 5.60105499e-03
 5.78919379e-03 5.87930111e-03 6.01312006e-03 6.05875719e-03
 6.07698550e-03 6.11656671e-03 6.15971815e-03 6.23243256e-03
 6.27359934e-03 6.33897819e-03 6.36266917e-03 6.37183199e-03
 6.41601114e-03 6.49009366e-03 6.51033549e-03 6.57508103e-03
 6.82391645e-03 6.85984828e-03 6.98007178e-03 6.99999277e-03
 7.09324423e-03 7.22322334e-03 7.30566215e-03 7.41306599e-03
 7.51057267e-03 7.60753592e-03 7.64412479e-03 7.68682314e-03
 7.83493556e-03 7.85706658e-03 7.86701683e-03 8.04623403e-03
 8.12389795e-03 8.28169845e-03 8.64556711e-03 8.67896527e-03
 8.73672683e-03 8.85241758e-03 8.95498414e-03 9.37759504e-03
 9.57021117e-03 9.74868797e-03 9.81182512e-03 1.01251481e-02
 1.01307658e-02 1.03336861e-02 1.05086267e-02 1.05906054e-02
 1.06129553e-02 1.07593890e-02 1.07978219e-02 1.09765725e-02
 1.11986389e-02 1.13838203e-02 1.19027477e-02 1.19306371e-02
 1.20637314e-02 1.20818680e-02 1.21344514e-02 1.25050666e-02
 1.25220343e-02 1.28715783e-02 1.28717199e-02 1.32819386e-02
 1.33629749e-02 1.34593127e-02 1.35730980e-02 1.36554744e-02
 1.37510924e-02 1.37562081e-02 1.37741221e-02 1.37757976e-02
 1.44208223e-02 1.44898714e-02 1.47354631e-02 1.52360443e-02
 1.54427178e-02 1.54501908e-02 1.56530757e-02 1.59416627e-02
 1.59767736e-02 1.64446998e-02 1.65871922e-02 1.68862753e-02
 1.69262215e-02 1.70459598e-02 1.79112293e-02 1.80009678e-02
 1.80423930e-02 1.84559301e-02 1.89342983e-02 1.93173084e-02
 1.95839275e-02 2.00626645e-02 2.01061033e-02 2.06125211e-02
 2.06467789e-02 2.10973881e-02 2.17806734e-02 2.19361056e-02
 2.21397914e-02 2.32184492e-02 2.32712701e-02 2.41728891e-02
 2.45475546e-02 2.46980377e-02 2.50391159e-02 2.50394139e-02
 2.51270402e-02 2.51704790e-02 2.65292153e-02 2.69445125e-02
 2.76512988e-02 2.79259700e-02 2.79925317e-02 2.82966252e-02
 2.89967079e-02 2.92657800e-02 2.95075197e-02 2.98677012e-02
 3.01834904e-02 3.12350281e-02 3.18803228e-02 3.26423086e-02
 3.43190096e-02 3.58025730e-02 3.58046070e-02 3.63647938e-02
 3.66452299e-02 3.73287983e-02 3.74541916e-02 3.86153720e-02
 4.06129695e-02 4.14632671e-02 4.36151102e-02 4.58858348e-02
 4.82587181e-02 4.84010875e-02 4.88289893e-02 4.88538593e-02
 5.11464216e-02 5.20073697e-02 5.24385646e-02 5.34615889e-02
 5.64454757e-02 5.83866648e-02 5.83947375e-02 5.84188141e-02
 5.87467663e-02 5.98842092e-02 6.02352433e-02 6.02962337e-02
 6.86076954e-02 6.87501207e-02 6.91615418e-02 7.15467855e-02
 7.36621022e-02 7.53843933e-02 7.67913759e-02 8.19540247e-02
 8.80861282e-02 8.95409733e-02 9.00134519e-02 9.49385315e-02
 9.79679152e-02 9.83155593e-02 1.00102298e-01 1.04187422e-01
 1.07384197e-01 1.12638518e-01 1.14282526e-01 1.17104501e-01
 1.19918264e-01 1.20857432e-01 1.37701765e-01 1.43476546e-01
 1.47591859e-01 1.55776784e-01 1.56716332e-01 1.73751891e-01
 1.84516862e-01 2.06557751e-01 2.16318309e-01 2.32971460e-01
 2.34537035e-01 2.80782402e-01 2.86103427e-01 2.96498209e-01
 2.99700409e-01 3.43842357e-01 3.71025532e-01 4.54446793e-01
 4.81896073e-01 5.69534481e-01 6.03459239e-01 6.17298663e-01
 7.36707985e-01 9.01006758e-01 9.61062431e-01 1.20700431e+00]",16.089492797851562,0.11038565131873372,960
8,1.1404069662094116,0.5745522975921631,0.17071083188056946,module.layer2.1.conv1,"[7.8617446e-30 4.1095613e-25 3.9507002e-24 ... 4.9082085e-01 5.4285610e-01
 5.7455230e-01]",66.65377807617188,-0.2744622398367819,22500
9,1.140685796737671,0.35259145498275757,0.16944235563278198,module.layer2.1.conv2,"[5.6309213e-28 8.8656965e-26 1.1161100e-25 ... 2.6565754e-01 3.1649759e-01
 3.5259145e-01]",55.54782485961914,-0.5164206469037355,22500
10,1.2565133571624756,0.3407333195209503,0.17751407623291016,module.layer3.0.conv1,"[1.03453745e-13 1.20869596e-13 1.42797232e-13 ... 2.70833939e-01
 3.12972069e-01 3.40733320e-01]",120.088134765625,-0.5875272953181087,22500
11,1.4611427783966064,0.26686614751815796,0.14699998497962952,module.layer3.0.conv2,"[1.18332316e-07 1.77292563e-07 1.77682523e-07 ... 2.51632959e-01
 2.63507485e-01 2.66866148e-01]",192.98855590820312,-0.8382671295656411,22500
12,1.5086894035339355,0.3960901200771332,0.14178809523582458,module.layer3.0.shortcut.0,"[1.6050465e-06 1.9012327e-06 1.9888762e-06 ... 2.8339413e-01 3.1895745e-01
 3.9609012e-01]",24.60004425048828,-0.6068039156618568,1500
13,1.44725501537323,0.15437038242816925,0.14591237902641296,module.layer3.1.conv1,"[5.1784664e-08 5.8637930e-08 7.1061528e-08 ... 1.4268073e-01 1.5067554e-01
 1.5437038e-01]",107.19520568847656,-1.174354849519861,22500
14,1.4350066184997559,0.18603353202342987,0.14180493354797363,module.layer3.1.conv2,"[2.2254374e-08 2.7630223e-08 2.8170657e-08 ... 1.5457034e-01 1.5559131e-01
 1.8603353e-01]",91.33277130126953,-1.0481414168091179,22500
15,1.7131972312927246,0.14074739813804626,0.13557812571525574,module.layer4.0.conv1,"[8.5673368e-10 8.9133312e-10 1.0236384e-09 ... 9.6472420e-02 1.1391229e-01
 1.4074740e-01]",155.9324951171875,-1.4588895914663316,22500
16,1.8642362356185913,0.07449888437986374,0.12558647990226746,module.layer4.0.conv2,"[5.2843672e-05 5.7393427e-05 5.9143476e-05 ... 6.7771398e-02 6.8509072e-02
 7.4498884e-02]",144.44357299804688,-2.102579268531805,22500
17,1.254957675933838,0.4505867063999176,0.16417181491851807,module.layer4.0.shortcut.0,"[7.7711344e-11 8.1416394e-11 9.9498132e-11 ... 3.0634475e-01 3.1566459e-01
 4.5058671e-01]",83.69354248046875,-0.43449348631469825,10500
18,1.8033201694488525,0.11439109593629837,0.13207277655601501,module.layer4.1.conv1,"[1.54021311e-08 1.55058704e-08 1.60204792e-08 ... 1.01305902e-01
 1.09669343e-01 1.14391096e-01]",209.38241577148438,-1.6980202999076872,22500
19,1.4638488292694092,0.09019371122121811,0.12472712993621826,module.layer4.1.conv2,"[5.1534089e-06 7.2752337e-06 7.2826697e-06 ... 8.1101850e-02 8.1640922e-02
 9.0193711e-02]",93.88838195800781,-1.5294640125331393,22500
20,2.08322811126709,13.863395690917969,0.13751330971717834,module.linear,"[1.47953202e-07 1.48974706e-07 1.53508822e-07 ... 1.37508955e+01
 1.38293324e+01 1.38633957e+01]",3120.74462890625,2.3787748899259835,1500
